# m_f275w WFC3_G280_2500 STIS_G230L_2500 STIS_PRISM_2500      m_f218w  STIS_PRISM_1500_SN3      STIS_G140L_1500_SN3
 19          10              330                    15	           19	       2800		      1600
 19.5        12              600                    25		   19.5        6200                   2900
 20          25		    1200 		    40             20	      14300		      5300
 20.5        30             2300                    70		   20.5       40000                  10500
 21          60		    4700 		   120             21	       nan		     22000
 21.5        90            10300                   200		   21.5        nan		       nan
 22         180		   23400		   320             22	       nan		       nan
 22.5       300             nan                    600		   22.5        nan 		       nan  
 23         650		    nan			  1100             23	       nan		       nan
 24        3000		    nan			  3000             24	       nan		       nan
 25       20000             nan	                 23300             25	       nan		       nan
