# mag   t_f218w   t_f225w    t_f275w   t_f336w  t_f438w t_f475w t_f606w t_f814w t_f110w t_f160w t_WFC3_IR_G102 t_WFC3_IR_G141   t_t25cn182  t_t25cn270 
  19.        10         8          5          3      2       2        2      2        2       2       80       25      50	 20	   
  20.	     25        14         12          5      5       5        3      5        3       4      220       65     150	 50	   
  21.	     80        30         30         20     12       8        5     10        5      10      850      200     600	140	   
  22.	    160        70         70         35     30      15       10     25       10      22     4300      830    3000	500	   
  23.	    500       150        150        100     80      40       25     65       25      60    25300     4400   15000      2000	   
  24.	   1200       360        360        250    200     100       70    180       65     160     nan     26300     nan      9000	   
  25.	   3000      1000       1000        600    560     270      200    570      200     540     nan       nan     nan	nan	   
  26.	  10000      3000       3000       1800   2000     900      800   2400      800    2400     nan       nan     nan	nan	   
  27.	  47000     13000      12000       6000   9000    4000.    3800  12800     4300   13000     nan       nan     nan	nan	   
  28.	   nan      nan         nan	  28000    nan   22000    22000    nan    25300    nan      nan       nan     nan	nan	   
